Card #0
   B     I     N     G     O     D     A     R     L     Y     Z     E     M     P     U     X  
+-----+-----+-----+-----+-----+-----+-----+-----+-----+-----+-----+-----+-----+-----+-----+-----+
| 6   | 32  | 44  | 65  | 83  | 98  | 106 | 125 | 152 | 158 | 171 | 196 | 212 | 224 | 241 | 273 |
+-----+-----+-----+-----+-----+-----+-----+-----+-----+-----+-----+-----+-----+-----+-----+-----+
| 4   | 21  | 43  | 59  | 77  | 92  | 118 | 120 | 150 | 161 | 177 | 193 | 211 | 229 | 249 | 264 |
+-----+-----+-----+-----+-----+-----+-----+-----+-----+-----+-----+-----+-----+-----+-----+-----+
| 14  | 24  | 50  | 67  | 70  | 86  | 113 | 131 | 146 | 165 | 183 | 202 | 207 | 237 | 247 | 271 |
+-----+-----+-----+-----+-----+-----+-----+-----+-----+-----+-----+-----+-----+-----+-----+-----+
| 16  | 20  | 37  | 68  | 84  | 88  | 110 | 123 | 140 | 164 | 172 | 205 | 208 | 222 | 244 | 263 |
+-----+-----+-----+-----+-----+-----+-----+-----+-----+-----+-----+-----+-----+-----+-----+-----+
| 17  | 23  | 52  | 61  | 86  | 96  | 115 | 129 | 148 | 157 | 180 | 197 | 215 | 228 | 240 | 258 |
+-----+-----+-----+-----+-----+-----+-----+-----+-----+-----+-----+-----+-----+-----+-----+-----+
| 15  | 29  | 38  | 52  | 81  | 99  | 109 | 128 | 139 | 166 | 187 | 190 | 219 | 235 | 250 | 257 |
+-----+-----+-----+-----+-----+-----+-----+-----+-----+-----+-----+-----+-----+-----+-----+-----+
| 12  | 34  | 42  | 53  | 78  | 101 | 103 | 127 | 145 | 170 | 175 | 204 | 205 | 226 | 253 | 266 |
+-----+-----+-----+-----+-----+-----+-----+-----+-----+-----+-----+-----+-----+-----+-----+-----+
| 7   | 19  | 49  | 55  | 71  | 95  | 107 | 133 | 147 | 163 | 179 | 195 | 222 | 225 | 242 | 259 |
+-----+-----+-----+-----+-----+-----+-----+-----+-----+-----+-----+-----+-----+-----+-----+-----+
| 5   | 26  | 41  | 57  | 75  | 97  | 104 | 136 | 141 | 162 | 174 | 189 | 209 | 223 | 245 | 272 |
+-----+-----+-----+-----+-----+-----+-----+-----+-----+-----+-----+-----+-----+-----+-----+-----+
| 11  | 35  | 45  | 69  | 72  | 91  | 105 | 121 | 144 | 160 | 185 | 188 | 220 | 232 | 256 | 265 |
+-----+-----+-----+-----+-----+-----+-----+-----+-----+-----+-----+-----+-----+-----+-----+-----+
| 10  | 18  | 40  | 60  | 85  | 102 | 116 | 126 | 137 | 156 | 181 | 194 | 217 | 239 | 239 | 261 |
+-----+-----+-----+-----+-----+-----+-----+-----+-----+-----+-----+-----+-----+-----+-----+-----+
| 18  | 30  | 35  | 66  | 69  | 87  | 114 | 134 | 138 | 168 | 184 | 200 | 216 | 238 | 251 | 256 |
+-----+-----+-----+-----+-----+-----+-----+-----+-----+-----+-----+-----+-----+-----+-----+-----+
| 8   | 33  | 47  | 58  | 73  | 89  | 119 | 130 | 149 | 155 | 182 | 203 | 213 | 231 | 254 | 267 |
+-----+-----+-----+-----+-----+-----+-----+-----+-----+-----+-----+-----+-----+-----+-----+-----+
| 3   | 25  | 46  | 62  | 82  | 103 | 112 | 135 | 153 | 169 | 186 | 199 | 210 | 234 | 243 | 270 |
+-----+-----+-----+-----+-----+-----+-----+-----+-----+-----+-----+-----+-----+-----+-----+-----+
| 1   | 22  | 36  | 63  | 74  | 94  | 111 | 132 | 142 | 171 | 178 | 201 | 218 | 227 | 248 | 268 |
+-----+-----+-----+-----+-----+-----+-----+-----+-----+-----+-----+-----+-----+-----+-----+-----+
| 2   | 27  | 39  | 54  | 76  | 90  | 108 | 124 | 143 | 159 | 176 | 198 | 214 | 230 | 246 | 262 |
+-----+-----+-----+-----+-----+-----+-----+-----+-----+-----+-----+-----+-----+-----+-----+-----+

Card #1
   B     I     N     G     O     D     A     R     L     Y     Z     E     M     P     U     X  
+-----+-----+-----+-----+-----+-----+-----+-----+-----+-----+-----+-----+-----+-----+-----+-----+
| 12  | 28  | 48  | 53  | 74  | 95  | 111 | 133 | 137 | 159 | 177 | 197 | 214 | 230 | 251 | 270 |
+-----+-----+-----+-----+-----+-----+-----+-----+-----+-----+-----+-----+-----+-----+-----+-----+
| 17  | 29  | 38  | 66  | 82  | 92  | 114 | 121 | 142 | 170 | 172 | 196 | 212 | 239 | 247 | 264 |
+-----+-----+-----+-----+-----+-----+-----+-----+-----+-----+-----+-----+-----+-----+-----+-----+
| 6   | 34  | 36  | 69  | 79  | 97  | 115 | 137 | 153 | 168 | 175 | 193 | 207 | 231 | 256 | 271 |
+-----+-----+-----+-----+-----+-----+-----+-----+-----+-----+-----+-----+-----+-----+-----+-----+
| 8   | 31  | 52  | 56  | 70  | 94  | 109 | 126 | 147 | 166 | 181 | 198 | 211 | 237 | 248 | 256 |
+-----+-----+-----+-----+-----+-----+-----+-----+-----+-----+-----+-----+-----+-----+-----+-----+
| 5   | 33  | 50  | 54  | 78  | 101 | 107 | 135 | 138 | 154 | 184 | 205 | 220 | 236 | 254 | 261 |
+-----+-----+-----+-----+-----+-----+-----+-----+-----+-----+-----+-----+-----+-----+-----+-----+
| 7   | 22  | 40  | 52  | 71  | 100 | 106 | 127 | 151 | 163 | 186 | 192 | 208 | 226 | 252 | 258 |
+-----+-----+-----+-----+-----+-----+-----+-----+-----+-----+-----+-----+-----+-----+-----+-----+
| 14  | 19  | 39  | 57  | 75  | 91  | 117 | 134 | 144 | 158 | 187 | 194 | 215 | 224 | 245 | 257 |
+-----+-----+-----+-----+-----+-----+-----+-----+-----+-----+-----+-----+-----+-----+-----+-----+
| 10  | 20  | 45  | 62  | 81  | 96  | 116 | 136 | 149 | 167 | 171 | 203 | 206 | 234 | 242 | 259 |
+-----+-----+-----+-----+-----+-----+-----+-----+-----+-----+-----+-----+-----+-----+-----+-----+
| 11  | 32  | 47  | 65  | 80  | 89  | 108 | 131 | 140 | 162 | 178 | 195 | 205 | 233 | 239 | 273 |
+-----+-----+-----+-----+-----+-----+-----+-----+-----+-----+-----+-----+-----+-----+-----+-----+
| 4   | 35  | 44  | 64  | 86  | 93  | 120 | 128 | 143 | 165 | 174 | 189 | 216 | 225 | 244 | 266 |
+-----+-----+-----+-----+-----+-----+-----+-----+-----+-----+-----+-----+-----+-----+-----+-----+
| 15  | 30  | 41  | 58  | 76  | 99  | 110 | 130 | 152 | 169 | 180 | 204 | 221 | 232 | 243 | 260 |
+-----+-----+-----+-----+-----+-----+-----+-----+-----+-----+-----+-----+-----+-----+-----+-----+
| 16  | 27  | 46  | 68  | 83  | 86  | 118 | 122 | 154 | 160 | 182 | 200 | 213 | 229 | 246 | 262 |
+-----+-----+-----+-----+-----+-----+-----+-----+-----+-----+-----+-----+-----+-----+-----+-----+
| 13  | 18  | 37  | 63  | 85  | 103 | 113 | 132 | 139 | 161 | 179 | 202 | 210 | 228 | 249 | 268 |
+-----+-----+-----+-----+-----+-----+-----+-----+-----+-----+-----+-----+-----+-----+-----+-----+
| 18  | 25  | 49  | 55  | 69  | 90  | 112 | 123 | 141 | 171 | 173 | 190 | 209 | 235 | 250 | 269 |
+-----+-----+-----+-----+-----+-----+-----+-----+-----+-----+-----+-----+-----+-----+-----+-----+
| 3   | 24  | 42  | 67  | 84  | 88  | 103 | 125 | 146 | 155 | 183 | 188 | 222 | 227 | 253 | 263 |
+-----+-----+-----+-----+-----+-----+-----+-----+-----+-----+-----+-----+-----+-----+-----+-----+
| 9   | 21  | 43  | 60  | 72  | 87  | 119 | 124 | 145 | 157 | 176 | 201 | 217 | 223 | 255 | 265 |
+-----+-----+-----+-----+-----+-----+-----+-----+-----+-----+-----+-----+-----+-----+-----+-----+

